0.5,2.5,2.3000000000000003,1.1,0.5,1.2999999999999998
2.5,0.5,1.7000000000000002,0.5,1.1,1.9
2.3000000000000003,1.7000000000000002,0.5,1.9,1.2999999999999998,0.5
1.1,0.5,1.9,0.5,2.5,1.7000000000000002
0.5,1.1,1.2999999999999998,2.5,0.5,2.3000000000000003
1.2999999999999998,1.9,0.5,1.7000000000000002,2.3000000000000003,0.5
