0.001953125,6.112220982142856,0.294921875,0.11542680110837437,0.06042388961769115,5.862686820652172
6.112220982142856,0.001953125,0.30417388961769115,0.14795467779503105,0.051171875000000006,5.830158943965516
0.294921875,0.30417388961769115,0.001953125,5.836905570652172,5.868470982142856,0.14120805110837437
0.11542680110837437,0.14795467779503105,5.836905570652172,0.001953125,6.099690193965516,0.245703125
0.06042388961769115,0.051171875000000006,5.868470982142856,6.099690193965516,0.001953125,0.36592342779503106
5.862686820652172,5.830158943965516,0.14120805110837437,0.245703125,0.36592342779503106,0.001953125
