0.125,3.810714285714286,3.2750000000000004,1.1607142857142858,0.125,1.125
3.810714285714286,0.125,2.5250000000000004,0.4107142857142857,0.8750000000000001,1.875
3.2750000000000004,2.5250000000000004,0.125,1.875,1.4107142857142856,0.4107142857142857
1.1607142857142858,0.4107142857142857,1.875,0.125,3.5250000000000004,2.5250000000000004
0.125,0.8750000000000001,1.4107142857142856,3.5250000000000004,0.125,3.560714285714286
1.125,1.875,0.4107142857142857,2.5250000000000004,3.560714285714286,0.125
