0.0078125,5.248883928571428,1.1796875,0.4617072044334975,0.2416955584707646,4.250747282608695
5.248883928571428,0.0078125,1.2166955584707646,0.5918187111801242,0.20468750000000002,4.120635775862069
1.1796875,1.2166955584707646,0.0078125,4.147622282608695,4.273883928571428,0.5648322044334975
0.4617072044334975,0.5918187111801242,4.147622282608695,0.0078125,5.198760775862068,0.9828125
0.2416955584707646,0.20468750000000002,4.273883928571428,5.198760775862068,0.0078125,1.4636937111801243
4.250747282608695,4.120635775862069,0.5648322044334975,0.9828125,1.4636937111801243,0.0078125
