0.00390625,5.824441964285713,0.58984375,0.23085360221674875,0.1208477792353823,5.325373641304346
5.824441964285713,0.00390625,0.6083477792353823,0.2959093555900621,0.10234375000000001,5.260317887931033
0.58984375,0.6083477792353823,0.00390625,5.273811141304347,5.336941964285713,0.28241610221674873
0.23085360221674875,0.2959093555900621,5.273811141304347,0.00390625,5.799380387931033,0.49140625
0.1208477792353823,0.10234375000000001,5.336941964285713,5.799380387931033,0.00390625,0.7318468555900621
5.325373641304346,5.260317887931033,0.28241610221674873,0.49140625,0.7318468555900621,0.00390625
