0.0625,4.9053571428571425,2.2375000000000003,0.5803571428571429,0.0625,2.9624999999999995
4.9053571428571425,0.0625,1.8625000000000003,0.20535714285714285,0.43750000000000006,3.3374999999999995
2.2375000000000003,1.8625000000000003,0.0625,3.3374999999999995,3.1053571428571423,0.20535714285714285
0.5803571428571429,0.20535714285714285,3.3374999999999995,0.0625,4.762499999999999,1.8625000000000003
0.0625,0.43750000000000006,3.1053571428571423,4.762499999999999,0.0625,2.380357142857143
2.9624999999999995,3.3374999999999995,0.20535714285714285,1.8625000000000003,2.380357142857143,0.0625
