0.03125,3.0526785714285714,2.31875,0.7039716748768472,0.9667822338830584,2.6029891304347825
3.0526785714285714,0.03125,2.4667822338830585,1.224417701863354,0.8187500000000001,2.0825431034482755
2.31875,2.4667822338830585,0.03125,2.1904891304347824,1.5526785714285711,1.1164716748768473
0.7039716748768472,1.224417701863354,2.1904891304347824,0.03125,3.9950431034482756,1.53125
0.9667822338830584,0.8187500000000001,1.5526785714285711,3.9950431034482756,0.03125,2.3119177018633543
2.6029891304347825,2.0825431034482755,1.1164716748768473,1.53125,2.3119177018633543,0.03125
