0.25,4.021428571428571,1.75,1.1214285714285714,0.25,2.25
4.021428571428571,0.25,1.4500000000000002,0.8214285714285714,0.55,2.55
1.75,1.4500000000000002,0.25,2.55,2.821428571428571,0.8214285714285714
1.1214285714285714,0.8214285714285714,2.55,0.25,3.45,1.4500000000000002
0.25,0.55,2.821428571428571,3.45,0.25,2.321428571428571
2.25,2.55,0.8214285714285714,1.4500000000000002,2.321428571428571,0.25
